version 2
run HStreamingChurn-0-20140327-23:12:46-4088
attr configname HStreamingChurn
attr datetime 20140327-23:12:46
attr experiment HStreamingChurn
attr inifile htopology.ini
attr iterationvars ""
attr iterationvars2 $repetition=0
attr measurement ""
attr network oversim.underlay.simpleunderlay.SimpleUnderlayNetwork
attr processid 4088
attr repetition 0
attr replication #0
attr resultdir results
attr runnumber 0
attr seedset 0

vector 1  SimpleUnderlayNetwork.globalObserver.globalStatistics  "ParetoChurn: Session Time"  ETV
vector 2  SimpleUnderlayNetwork.globalObserver.globalStatistics  "ParetoChurn: Time between creates"  ETV
vector 3  SimpleUnderlayNetwork.globalObserver.globalStatistics  "ParetoChurn: Time between deletes"  ETV
vector 4  SimpleUnderlayNetwork.globalObserver.globalStatistics  "GlobalNodeList: Number of nodes"  ETV
1	3150163	1000.519880386	2192.0746567953
1	3224090	1012.252586602	431013.59881432
1	3239795	1014.787358013	177.03889549512
1	3255348	1017.254649933	647.54797725579
1	3293539	1023.307928437	13415.330177643
1	3347450	1032.006196179	62541.598370234
1	3480756	1054.270128471	192516.62388306
1	3620298	1077.925976684	258.33450810943
1	3648949	1082.817276675	10250.001151607
1	3649287	1082.875100988	2597.2442945988
1	3677776	1087.724926786	7353.9396920166
1	3720013	1094.965493659	14855.337197881
1	3730498	1096.759185249	2981.5716095317
1	3921178	1129.337995927	12917.280292895
1	3952020	1134.606686524	16.075903618408
1	3980514	1139.519031862	472.36607607603
1	4224023	1181.290668956	798.90370259517
1	4243965	1184.748654298	101293.07738178
1	4266240	1188.577464503	510.9638934796
1	4317568	1197.438959195	680.64584492677
1	4392734	1210.345473587	56042.584226433
1	4419831	1215.044772407	1922.5904249177
1	4442184	1218.888711145	85638.890165598
1	4543839	1236.346256658	2823.6419500565
1	4611300	1247.963537059	1816.7796666411
1	4664699	1257.13173134	2955.3641540585
1	4710365	1265.033947188	2669.8902566833
1	4805014	1281.259724755	355.88171707515
1	4908788	1299.085392269	434.70297632504
1	4944146	1305.162727523	374.12349875384
1	4977251	1310.894980756	4376.1662683272
1	5012568	1316.935805154	329.38541252553
1	5102280	1332.252244865	139.733807187
1	5217729	1352.092668268	31637.305639667
1	5301293	1366.498786865	2751.1163626805
1	5398604	1383.203512475	22834.831540228
1	5435642	1389.589975831	145.86589819618
1	5527894	1405.357651359	1516.9631165822
1	5569429	1412.489859811	1546.1710103907
1	5697858	1434.488384662	506.51965301293
1	5731024	1440.173036223	21886.152783647
1	5773890	1447.617455714	5515.2708307514
1	5825858	1456.538084623	605.29877523698
1	5880257	1465.904795427	1142.3066058324
1	5909775	1470.955641882	1401.6342125512
1	5912814	1471.479261067	490.99435624584
1	5964784	1480.35848452	829.14539321205
1	6007609	1487.725486188	1393.6701838373
1	6015696	1489.081346737	775.95685181234
1	6061682	1497.021632836	9403.5189685829
1	6166033	1514.910238797	22847.442813741
1	6190532	1519.078984951	2007.086726016
1	6265869	1531.96802768	221.80702734232
1	6398616	1554.752429683	310.611389118
1	6407303	1556.188490858	9506.1279679462
1	6426953	1559.568084502	77.713066856461
1	6455308	1564.403237407	202.00350259758
1	6518610	1575.170090835	93.270972098356
1	6544975	1579.691585178	5575.9589852496
1	6687058	1604.570304474	8713.0642999608
1	6700138	1606.823703921	335.08291541175
1	6741512	1614.086529412	308.38793840219
1	6882982	1638.934507286	1011.2660440188
1	6923982	1646.174807315	2981.4930920801
1	6965439	1653.491704483	7685.3086247479
1	6979289	1655.975372101	797.00344209323
1	6987671	1657.405848066	155.15518286245
1	7115057	1679.943586807	207.86287446253
1	7152630	1686.57351085	7964.6284587467
1	7174171	1690.433669621	1029.3042765295
1	7185372	1692.391951458	48.953550997793
1	7250501	1703.931459931	456.65455413238
1	7272772	1707.833473164	429.31743673949
1	7282517	1709.52408864	83684.478169937
1	7377640	1726.422174626	89645.501131736
1	7405060	1731.248196229	86.962354316316
1	7423788	1734.607246943	294.28971051522
1	7547524	1756.56715117	1305.5670179126
1	7748826	1792.234305757	4693.2898980596
1	7835413	1807.700771132	211.26200215508
1	7902993	1819.693491643	688.26347880483
1	8046889	1845.394378591	2428.7634925117
1	8100325	1854.928970652	51.375960227899
1	8103732	1855.515651084	34958.761586356
1	8125186	1859.325455329	4509.3029734167
1	8163032	1866.079896829	13.836805244361
1	8255622	1882.607845557	1885.5680559749
1	8261986	1883.757770144	2021.052132674
1	8321287	1894.326445855	2144.703251604
1	8338258	1897.357202271	378.32838069051
1	8351683	1899.755600121	3954.4760454354
1	8443721	1916.76151261	378.29880829663
1	8567313	1939.847882978	12083.852635575
1	8719649	1968.257385933	32692.490158346
1	8727200	1969.694685364	5638.3384045212
1	8743809	1972.750647539	34051.289357599
1	8799411	1983.055760153	138.86891919482
1	8849499	1992.454816237	10666.334500619
1	8893259	2000.62795981	2210.0906031187
1	8895723	2001.063575877	1992.1975731576
1	8937502	2008.817036416	6.5187335595258
1	9007431	2021.818927726	1435.4253151891
1	9019456	2024.030086934	6095.4671575797
1	9117824	2042.332472275	2926.5483928404
1	9119656	2042.700956897	326.68700395497
1	9172992	2052.616853631	93.050184802889
1	9177578	2053.45367662	1548.6887196368
1	9205156	2058.589322026	1624.3232219091
1	9267074	2069.975730162	13879.1408862
1	9277100	2071.865523304	318.23456815888
1	9300566	2076.145583184	1520.414698216
1	9332155	2082.009469962	64982.261992085
1	9399450	2094.465416193	272.48801132427
1	9576207	2127.189990553	1857.7276909443
1	9601744	2131.917154993	1138.9124206136
1	9682781	2146.936426971	17733.23554407
1	9690935	2148.455667306	881.3291811673
1	9715381	2152.977675099	39645.582208115
1	9731199	2155.864228237	954.48371372699
1	9743615	2158.191670825	41586.204719674
1	9757024	2160.649917771	905.51065915004
1	9802811	2169.095490714	11363.454108437
1	9885516	2184.45131888	39124.420125247
1	9936780	2193.958317835	4235.9651445457
1	9944628	2195.406648339	19864.887083279
1	9949603	2196.297562347	1334.0237491213
1	10066730	2217.877547876	35.210099481714
1	10086028	2221.413091205	28201.14418361
1	10129625	2229.479258945	343.6501676456
1	10200678	2242.687831536	29200.73999318
1	10202203	2242.964373856	417.75553277654
1	10299466	2260.823358403	121.81351205385
1	10365017	2272.881016669	124312.56142417
1	10408783	2280.930931526	2502.2685660204
1	10463089	2290.957203624	2215.5325310519
1	10481623	2294.357742104	120.1662319925
1	10618294	2319.416528555	334.03263089595
1	10638936	2323.17416879	203.05826096365
1	10646783	2324.66920224	1015.1380324143
1	10682259	2331.165563993	2564.0934622404
1	10702825	2334.945109026	728.25138427557
1	10747605	2343.128531437	4986.0159556017
1	10767127	2346.793009081	5571.4462985439
1	10837064	2360.08137553	84.475601133987
1	10889029	2369.822425505	18843.951748359
1	10895019	2370.913270796	695.7469838953
1	10930104	2377.53846226	637.94807476188
1	10978525	2386.537841442	15.825638454112
1	11067658	2403.232681178	6985.5909115988
1	11070356	2403.758784098	2235.094612128
1	11111690	2411.500198342	2515.9875615194
1	11214209	2430.737273084	9741.6736224312
1	11306585	2447.973170102	327.28057803035
1	11543325	2492.350622652	37203.165841109
1	11545891	2492.857543609	1100.2088955267
1	11569904	2497.364610186	7836.5949498571
1	11591914	2501.427680494	43.266073713969
1	11617802	2506.222264701	4049.2797401274
1	11635945	2509.642596384	142.67572111495
1	11644130	2511.156827349	3061.2512908147
1	11680618	2517.964033431	23854.840901236
1	11745168	2530.010458526	520.11708417073
1	11771394	2534.923838689	45371.058690981
1	11778084	2536.160599518	4538.8598957975
1	11790199	2538.443857115	10386.298407338
1	11814634	2542.97391526	2670.4435717405
1	11865109	2552.254102492	456227.99822981
1	11877459	2554.537968186	734.16552190176
1	11949471	2567.903487906	156.95843538305
1	11963932	2570.696920447	4711.2105020648
1	11977068	2573.095196697	9703.6419554757
1	12025033	2582.222636266	29248.413060251
1	12067816	2590.555573679	628.26442367994
1	12129434	2602.46681962	935.91052149612
1	12273665	2630.121244758	16293.120250817
1	12427151	2659.793703224	2501.049845827
1	12444640	2663.153057122	5712.6250183249
1	12465499	2667.117892296	2149.8641788461
1	12523191	2678.196133499	3019.6316591397
1	12614797	2695.795249248	3574.348789341
1	12645660	2701.705635234	1855.627419536
1	12679674	2708.225755215	39552.834284967
1	12781789	2727.846720881	1653.011000821
1	12787574	2728.910399203	249.305976448
1	12799925	2731.276329897	3922.7550282293
1	12882797	2747.042357382	3376.7838265666
1	12905199	2751.339162784	888.10891509228
1	12937112	2757.472644479	2472.5545782176
1	13033910	2775.937480566	160.50499960441
1	13065785	2782.074255843	53783.03464037
1	13179340	2803.725178724	456.24776568819
1	13359919	2838.27531591	3790.8672407
1	13432436	2852.171951883	18213.978752181
1	13471629	2859.690552148	2504.2950061534
1	13481136	2861.513784718	690.29099574614
1	13482593	2861.803713525	55.347833817454
1	13632272	2890.34632261	819.55114368052
1	13726609	2908.548227337	33040.663824262
1	13734512	2910.019011011	13165.0897193
1	13802961	2923.077020027	250.92453126492
1	14019760	2964.64367207	109.98501060426
1	14021208	2964.903194395	2091.5139626793
1	14118516	2983.492241026	874.29190702961
1	14157938	2990.9802415	17040.528358868
1	14170277	2993.359323471	2997.2140710714
1	14215606	3002.001086384	2621.8316374038
1	14217083	3002.28144101	841.57841578015
1	14232573	3005.276464821	1530.9934813653
1	14274053	3013.116287757	728.2029111609
1	14274309	3013.157976454	521.52708797612
1	14276731	3013.65827453	109225.38020618
1	14453126	3047.288504915	523.9965430703
1	14472004	3050.849372241	11676.5549612
1	14489781	3054.199657651	7446.8108912969
1	14583270	3072.30986583	36869.469227591
1	14607602	3077.088118233	5807.1926398056
1	14631169	3081.71064906	1354.7820452972
1	14695199	3094.224326209	372.576498642
1	14802562	3115.09604639	1252.860560343
1	14813964	3117.343887502	1755.3679551131
1	14835627	3121.59951369	8283.391209321
1	14839848	3122.39507215	19.730590464582
1	14885360	3131.234338401	3396.0598135136
1	14969385	3147.638895776	7619.9518055536
1	15015994	3156.645951617	3053.8544089662
1	15065024	3166.132892574	1264.4413699618
1	15082728	3169.603314107	306.10413905104
1	15219769	3196.075920435	115.25452501786
1	15242681	3200.582662009	1004.2432748163
1	15246513	3201.311858633	5693.2083350208
1	15246922	3201.395447449	56621.337761033
1	15259133	3203.760462536	1545.3423790302
1	15372318	3225.696838983	1608.0260734129
1	15378034	3226.785127422	4920.8792816719
1	15390342	3229.111581427	963.14243193698
1	15431703	3237.042661951	43.200907468344
1	15626492	3274.697046364	47245.032592943
1	15636475	3276.618435842	10559.941188101
1	15639101	3277.062740386	27.576017740106
1	15724929	3293.594734107	1.4039230255049
1	15760636	3300.454313374	3047.7528677361
1	15839402	3315.658391785	721.87883683632
1	15909139	3329.099107259	1520.797760973
1	16184557	3382.36822842	8433.2409227407
1	16195927	3384.595351375	10784.076525928
1	16287876	3402.385554825	3598.8888412604
1	16356349	3415.663743174	6216.4606974292
1	16378211	3419.928908342	689.18036224284
1	16402592	3424.6993499	741.40657689271
1	16407323	3425.620977278	32.596799725051
1	16489298	3441.883674805	73.368593075929
1	16530712	3451.485060451	5867.3703600623
1	16655719	3480.197692496	131.19936417675
1	16656605	3480.431352328	5141.2751776011
1	16672946	3484.1823956	57415.323511711
1	16675087	3484.665552271	5830.5189032452
1	16722659	3495.566864439	12685.217793944
1	16732797	3497.876551496	26137.903997732
1	16741890	3499.901137153	933.20710926613
1	16742333	3499.990424348	12556.953622064
1	16769223	3506.145176765	2188.8669985042
1	16810418	3515.592589855	1693.9155033608
1	16826225	3519.163300442	4596.0856318566
1	16831623	3520.393522506	4024.2096183775
1	16886285	3532.826182205	912.15957397262
1	16969126	3551.692739839	768.60580793247
1	17028992	3565.345122439	146.76997753328
1	17176768	3599.150934277	1250.6148323319
1	17190153	3602.215570319	140547.60214519
1	17284740	3623.817277673	5056.8885058501
1	17291877	3625.44744497	3394.4628157366
1	17367617	3642.779002282	529.67748746373
1	17480747	3668.819993664	4448.37657899
1	17529435	3680.041078251	5951.7100252813
1	17584116	3692.782567392	618.28195613313
1	17653823	3708.927777196	5462.6860927447
1	17675313	3713.868234235	177.50818770982
1	17710795	3722.018476703	11190.174914985
1	17861517	3756.803159746	2832.9713615687
1	17897804	3765.149433729	4588.1343688484
1	17962557	3780.112283391	2810.5699608871
1	18032316	3796.113598377	1044.4193104089
1	18094412	3810.408606448	18378.083484502
1	18095261	3810.631888542	387.85675521293
1	18103556	3812.504135993	9449.0958963108
1	18108412	3813.63665146	985.14262684822
1	18133632	3819.39171819	3798.922095785
1	18313734	3860.767541041	44171.076416012
1	18351038	3869.402756955	1807.9299382818
1	18364359	3872.470029216	1083.8355491659
1	18405070	3881.954084751	4987.0532005921
1	18510796	3907.324998986	441.13569913307
1	18528407	3911.504788519	504.87015243197
1	18558184	3918.629824705	2905.3770380876
1	18605284	3929.876339823	92.457156326541
1	18628156	3935.284056033	2739.9324657022
1	18633406	3936.555917147	6773.4524062298
1	18699095	3952.217500375	1036.7619026018
1	18712370	3955.419737792	223.6680192768
1	18748149	3964.02299495	7514.2853515151
1	18775575	3970.527568879	2129.2701703108
1	18833100	3984.154665957	366.98774768156
1	18860552	3990.749139755	524.0248962393
1	18876315	3994.417645978	1317.2856771866
1	18900125	4000.04221033	5516.6073168426
1	18909839	4002.347981577	3236.3256588509
1	18978501	4018.641708761	1451.432396995
1	19003076	4024.422250498	596.60586554315
1	19096403	4046.436483808	62.772465552814
1	19173911	4064.751504619	2611.9592753849
1	19202010	4071.420208132	2073.8477735425
1	19215341	4074.547764363	121.98731367834
1	19247956	4082.181553999	8825.1409624681
1	19249248	4082.500683689	100277.60480067
1	19254857	4083.825877336	2887.9528412181
1	19334028	4102.42512926	2295.7025925726
1	19371185	4111.193314411	3749.6937208825
1	19381138	4113.555320846	25061.8270011
1	19453422	4130.594204834	1223.4540272005
1	19484072	4137.774380045	45027.703739715
1	19501553	4141.904227748	59757.678729715
1	19557575	4154.96605563	23649.765875418
1	19570000	4157.970568399	862.43146164873
1	19587187	4161.994371437	8864.9782653942
1	19667870	4180.892356449	1072.2495124672
1	19705936	4189.849951096	44.570613758578
1	19720199	4193.253560512	370.04114763699
1	19736971	4197.136429706	15568.162666187
1	19785501	4208.5840295	520.50463523228
1	19855278	4225.027259672	5525.9796251554
1	19856022	4225.198221338	8259.0654666471
1	19869341	4228.300686552	13187.341908233
1	19884562	4231.919572325	173.15982138303
1	19915572	4239.24479578	1749.320432219
1	19915839	4239.301944313	1.9450250133223
1	19995942	4258.247662419	128.72229993959
1	20006502	4260.765159327	131346.5978944
1	20053640	4271.808929066	972.83604055039
1	20073979	4276.5824587	8719.1228023821
1	20136610	4291.35186033	2671.6911308566
1	20209119	4308.441617886	330.33570125229
1	20359341	4343.808922511	979.09282317715
1	20436836	4362.130144501	343.35509273404
1	20567036	4392.747703458	9058.6019482949
1	20576095	4394.793419201	14907.857786125
1	20613752	4403.683146969	12987.670883
1	20619830	4405.070326584	1.0916246158111
1	20641850	4410.254153141	15106.168013087
1	20644180	4410.761121708	1647.1699374602
1	20737976	4432.710616334	2986.8634033144
1	20746469	4434.720692884	1994.9615084309
1	20802787	4447.893938511	2437.097497759
1	20813706	4450.464762264	4084.5678532783
1	20848060	4458.476322558	33314.623196626
1	20900114	4470.60881755	1222.9571484455
1	20954506	4483.289637767	6612.7164577603
1	20963850	4485.524317794	9685.7389012563
1	20969577	4486.859360033	4299.1116533027
1	21008387	4495.890460246	4807.8618249987
1	21096771	4516.389721194	15004.927398638
1	21149726	4528.739666056	488.16696966402
1	21155984	4530.185242569	990.46992617015
1	21294417	4562.507598956	75.154678596152
1	21330141	4570.887591483	3098.1903166972
1	21457969	4600.685431631	4789.3076959946
1	21512431	4613.362455233	3277.345983838
1	21544940	4620.987897685	673.95135362469
1	21563251	4625.256947418	287.42245572229
1	21571265	4627.082703955	4540.3041839003
1	21628874	4640.478045808	5161.8051044167
1	21658470	4647.342516635	67.752967800268
1	21668994	4649.768767705	445.1658861457
1	21768392	4672.852819051	747.37569424906
1	21769753	4673.161833041	96.878373950269
1	21809050	4682.325463073	9660.78767263
1	21843373	4690.259379727	4454.1707502284
1	21949027	4714.700508504	462.42275584239
1	21978782	4721.573993986	568.83223799386
1	22010224	4728.858071117	18505.048869216
1	22029525	4733.215121609	22472.861637389
1	22142540	4759.388386365	2706.0378906043
1	22258337	4786.193062209	235.77684720014
1	22322179	4801.032824769	580.50776904858
1	22375224	4813.159033958	223.38609111337
1	22416788	4822.742930648	11968.181633462
1	22460079	4832.731947803	1189.2009478531
1	22463298	4833.456165512	22384.168665568
1	22515663	4845.518785484	4301.3710516722
1	22556261	4854.806655691	38.600572674813
1	22576557	4859.572375478	430.00749173288
1	22597004	4864.219517833	801.25584428504
1	22618394	4869.166465133	881.62548508621
1	22645861	4875.474448974	27401.382202642
1	22678833	4883.079074542	2002.3294078086
1	22742176	4897.658547104	5848.7696578227
1	22745414	4898.424877834	105.81769566525
1	22838985	4919.967874244	4578.0578645323
1	22978231	4951.943195604	139.66907344307
1	22999703	4956.868606196	10707.420304534
1	23013481	4959.998517309	1564.8645927964
1	23027216	4963.178486387	5859.2097455852
1	23112463	4982.761370375	13725.966557855
1	23157179	4992.946586836	140.62606605162
1	23164047	4994.506189168	9453.1054030101
1	23169479	4995.742513612	105575.9945653
1	23203528	5003.485266884	1345.354512059
1	23239001	5011.629443844	1135.3736253457
1	23254195	5015.005921425	501.56731453472
1	23256090	5015.473210645	25.946488679878
1	23260304	5016.465828541	200.85979161313
1	23323915	5030.909610923	4579.6372261733
1	23339941	5034.613011081	99.125216017354
1	23354235	5037.859189468	17502.474297313
1	23401698	5048.686517231	1075.4853359091
1	23416838	5052.141567401	245.66897848056
1	23448648	5059.307461555	3361.6887449394
1	23582964	5089.829916965	9172.9880942791
1	23652311	5105.63524248	66.721264074549
1	23744731	5126.642275837	6949.3651331668
1	23844906	5149.372227846	4643.9240575113
1	23851158	5150.780917292	3016.2764104537
1	23862728	5153.392144471	785.21368393636
1	23872963	5155.716403076	12155.551778039
1	23873068	5155.734445781	6901.8442952685
1	23885079	5158.436698	20484.436855671
1	23947731	5172.680123429	349.2164416637
1	23948022	5172.725185245	2024.7324103617
1	23961654	5175.80387081	45081.417792554
1	24049781	5195.655694662	12424.346878364
1	24055617	5196.96675644	283536.85170243
1	24178170	5224.678553709	3786.9078144294
1	24205452	5230.788240726	3616.2446148278
1	24227579	5235.797317747	3072.7823838185
1	24317086	5255.953829169	589.55907005236
1	24331167	5259.117909797	21089.057347662
1	24342001	5261.607899352	3305.2939246094
1	24410701	5277.055418156	14414.318814279
1	24421578	5279.459756811	16260.398384906
1	24464521	5289.116477681	61815.341427727
1	24545995	5307.410702179	465.58027368091
1	24599842	5319.522768282	14897.161397236
1	24643113	5329.301235408	2442.0908139406
1	24754589	5354.34162076	16645.692973895
1	24850662	5375.865073111	42106.305746004
1	24866318	5379.400154032	263475.60740044
1	24929229	5393.48980252	7227.4855348051
1	24943631	5396.755999721	7035.039241771
1	24969806	5402.665629509	35.754047982874
1	24987502	5406.633874689	584.70475520233
1	25013874	5412.550692742	134.78166679164
1	25059771	5422.789554775	18694.198387799
1	25144147	5441.713310618	10019.906108775
1	25174626	5448.614181147	1264.284826603
1	25232397	5461.568258401	2225.0730297163
1	25288519	5474.135037035	1662.8063769604
1	25363962	5491.039534244	145335.2897472
1	25400879	5499.252755702	14.268909339182
1	25433295	5506.591683126	5053.3920532999
1	25438461	5507.753172017	238.7286020089
1	25495711	5520.542299421	11762.758424496
1	25562320	5535.449847603	55545.796055564
1	25637216	5552.108950231	4106.7070280669
1	25688005	5563.403715966	360.86562953498
1	25792883	5586.848832408	1516887.7242501
1	25839209	5597.107440343	190.10675027112
1	25942714	5620.081542677	43286.134036933
1	26030047	5639.585270453	107.7431246662
1	26207916	5679.184892631	2891.914570843
1	26379428	5717.420760679	466.6261178544
1	26410850	5724.330014645	274.69176076752
1	26435318	5729.767464805	5626.9711214653
1	26540815	5753.223298995	19164.693184978
1	26582900	5762.595114668	1422.1697959629
1	26604115	5767.291057708	750.83816314156
1	26631020	5773.244198001	2137.0037574791
1	26712988	5791.450852027	764.27551811421
1	26744165	5798.299521903	89.907937117329
1	26761989	5802.246612638	205.42527229063
1	26821219	5815.377199566	2067.230642762
1	26856799	5823.200616319	8482.4771651468
1	26956137	5845.162002755	4144.2354695655
1	27027260	5860.822328916	819.6665031839
1	27038773	5863.367419876	2780.9241263538
1	27152136	5888.404870944	1288.8284473897
1	27156958	5889.477264047	476.51855677944
1	27222549	5903.887714663	6361.6795338445
1	27258648	5911.778176004	10.806651057192
1	27370446	5936.278690116	619.78227869663
1	27376420	5937.648800833	4073.844976418
1	27460410	5956.094189455	1589.629587956
1	27493998	5963.404594578	530.35996687429
1	27615901	5990.05183316	4964.7309101079
1	27796450	6029.597285591	5599.7540129258
1	27859004	6043.286616759	2939.8970760104
1	27911145	6054.754971359	1413.2519249677
1	27967632	6067.185240906	16587.405006895
1	27974702	6068.746187875	43797.922342758
1	27993683	6072.909730818	2703.6658601901
1	28049060	6085.002871276	291.63617634303
1	28137328	6104.392786402	843.05419484513
1	28168439	6111.203400698	941.94592861371
1	28182589	6114.284931855	5017.7190509784
1	28202684	6118.689803848	201.52549646441
1	28256737	6130.571994916	88.882666755448
1	28273923	6134.256968215	2469.4042854461
1	28292773	6138.390556986	84.152703119579
1	28379655	6157.249331927	9158.5072932629
1	28398054	6161.262131905	10099.858497244
1	28696331	6226.331707492	3987.7357455511
1	28740932	6236.036516173	290.34746107058
1	28743614	6236.65778861	16286.159963008
1	28829604	6255.398942786	63119.742422547
1	28835290	6256.651618424	760.04723739124
1	28872715	6264.78269328	851.31304231316
1	28875584	6265.406418597	200.22727748592
1	28877347	6265.784225394	38999.171283141
1	28880695	6266.544203989	14275.724591049
1	28917217	6274.514023322	16088.074845432
1	28953826	6282.478049862	3253.4272143031
1	28990626	6290.556254771	176.55196485458
1	29168523	6329.365277185	3597.4752189764
1	29265194	6350.489635701	2098.6923521346
1	29318413	6362.131780761	34.368648297275
1	29379279	6375.439793904	16987.99614341
1	29584701	6420.28644577	3139.5854330872
1	29681088	6441.453695082	17780.674334583
1	29695574	6444.658309849	8271.3832613809
1	29745286	6455.580978276	133.3182519394
1	29778013	6462.686144866	2716.4322919177
1	29785914	6464.420474256	43851.225767877
1	29936097	6497.268523757	355.01858102823
1	29949449	6500.180702635	631.01997091295
1	30012478	6513.977646711	15791.94385968
1	30027638	6517.339829663	4232.3966687983
1	30053827	6522.99565481	942.47818686401
1	30106159	6534.429368262	217.45114484413
1	30238866	6563.338690707	4371.3476203027
1	30255558	6566.950469472	9593.2489781268
1	30312879	6579.47049818	3356.4972031814
1	30473262	6614.472806342	938.50533803177
1	30488675	6617.828858725	3682.6468690725
1	30491994	6618.509422068	1848.9555466774
1	30508431	6622.074916705	10886.291727851
1	30618660	6645.994894508	213.82968272454
1	30657998	6654.531770595	675.76022110277
1	30714979	6666.873478065	536.01128235866
1	30722599	6668.503523816	69676.222144545
1	30760059	6676.539659414	56384.980540524
1	30801600	6685.474484275	2024.9286958708
1	30966439	6720.89956299	1040.7055096168
1	30971973	6722.03330191	277.84631107016
1	31008030	6729.795723157	7176.1580518744
1	31015745	6731.465504744	195.17535072028
1	31016180	6731.555234808	1152.2207909985
1	31029893	6734.499988573	177.01192673729
1	31055283	6739.92617747	41518.496231557
1	31096363	6748.692808515	4516.554143007
1	31114033	6752.427810044	5500.3029099147
1	31228432	6776.922158286	69.716147007623
1	31311012	6794.546193671	3400.8200856763
1	31334387	6799.488663765	1440.2262734802
1	31441267	6822.265504955	14.178108684882
1	31477739	6829.990273159	7.3446490811635
1	31719284	6881.681116524	107.01200390988
1	31763334	6891.18376622	59.356119265762
1	31805139	6900.188095765	15714.335646597
1	31977073	6937.21137378	44.103104397933
1	31996103	6941.274421325	10862.726639946
1	31998310	6941.741103862	45486.24542547
1	32060399	6955.126721928	7225.5777231562
1	32071186	6957.43035166	487.44501067399
1	32080473	6959.397528444	3654.2167002819
1	32092109	6961.887011126	61342.209091466
1	32094334	6962.346519081	61434.313866917
1	32163108	6977.101329598	1861.4139575128
1	32166933	6977.923689666	1251.8488608211
1	32175731	6979.812517239	34.28453098573
1	32184376	6981.63770149	11.289812967945
1	32224110	6990.101304875	12244.448972643
1	32230059	6991.347328625	944.79650129708
1	32366314	7020.433670261	400.88123424155
1	32438232	7035.761371274	862.45747271522
1	32509027	7050.824988606	14252.593904696
1	32521797	7053.54973831	49827.814324739
1	32527097	7054.686955775	15.512876072865
1	32547019	7058.888886437	679.0324720916
1	32551782	7059.926876582	1563.4162253478
1	32623680	7075.211442884	340.93326280845
1	32704247	7092.353276738	3567.9211897593
1	32759457	7104.060418109	83433.871278922
1	32876069	7128.849245783	1628.6710136629
1	32903900	7134.72730556	508.54105878275
1	33048574	7165.277745586	493.06133153429
1	33057693	7167.251253601	16531.298535161
1	33129409	7182.415346134	48436.81849545
1	33132554	7183.047893936	24953.245630603
1	33149191	7186.581093435	11.432632424274
1	33195528	7196.366668364	13076.819173271
1	33240277	7205.818223079	14178.474724084
1	33282137	7214.702153505	12169.280372715
1	33317628	7222.16336099	1625.762195028
1	33324810	7223.68721487	1427.7124200268
1	33463894	7253.019526528	4006.33114178
1	33638001	7289.67596513	133.60335651966
1	33642414	7290.635057051	3733.5653101543
1	33666996	7295.727916988	599.8599270764
1	33688383	7300.272698711	41.211176252216
1	33703012	7303.334588252	1694.6066831698
1	33804852	7324.748110334	1920.0510140598
1	33902809	7345.349031537	5952.5823134027
1	33909695	7346.815682684	937.80948177886
1	33927916	7350.639334418	16.902642606557
1	34061435	7378.725294111	9375.7714074605
1	34151588	7397.761512792	55896.154685284
1	34263342	7421.267199105	508.90152123577
1	34312722	7431.703941666	535.67094610652
1	34322009	7433.627626363	340.89509989319
1	34386004	7447.148428123	3584.7852621671
1	34401302	7450.357232561	439.96088860905
1	34481113	7467.173028992	1358.0450825826
1	34616010	7495.531075194	208.5882701694
1	34674764	7507.897211032	1171.0088336488
1	34849313	7544.58724872	1063.4725076609
1	34883457	7551.794906351	4712.7244619393
1	34919773	7559.423476271	621.91029754329
1	34929519	7561.483392424	528.65165010396
1	34956858	7567.234460944	2715.6041651197
1	35121866	7602.035803141	2776.47164415
1	35129251	7603.585736424	13780.300752494
1	35165565	7611.207159323	171.10128219493
1	35188016	7615.911959762	25278.311470661
1	35612708	7705.127359832	29345.476774036
1	35662659	7715.644958058	106.68978299009
1	35676200	7718.471962246	9838.8739650994
1	35686281	7720.587845163	5245.5391681797
1	35694330	7722.322488375	3084.9152837699
1	35882299	7761.712535058	765.01909301604
1	35957932	7777.542387967	7755.566805234
1	36021887	7790.985138886	3652.4308188354
1	36056743	7798.324026156	165.24399776789
1	36200367	7828.483939029	656.90687361594
1	36252767	7839.461896241	13340.754027062
1	36256703	7840.282063898	1523.1246280538
1	36284217	7846.044939128	63.629591317204
1	36308310	7851.132214089	7583.7384381121
1	36489081	7889.11097962	650.78843793815
1	36578804	7908.017868226	2070.6220928279
1	36739845	7942.168592909	23906.302009684
1	36748263	7943.951077378	507.37281026093
1	36829062	7961.000117409	365.84832214921
1	36842546	7963.918784149	3110.4785400957
1	36861697	7967.953196998	363.76760556583
1	36908365	7977.745772536	59.646287029976
1	36917402	7979.718684721	2599.9650404417
1	36946906	7985.935461665	0.32982641801677
1	36996213	7996.41910099	1571.4413299808
1	37006221	7998.532516801	6831.1202880883
1	37006422	7998.577022155	27922.861016118
1	37045796	8006.872107022	2827.2429084358
1	37090474	8016.301819276	13830.578429049
1	37153569	8029.487543315	1094.3694730556
1	37175144	8034.023615316	552.33005052712
1	37291973	8058.651747366	181.72304763602
1	37403219	8081.92591207	517.04950498791
1	37437810	8089.16164053	2099.222654391
1	37481245	8098.248382374	20511.151687414
1	37565627	8115.944064398	1130.9176562959
1	37581149	8119.250181123	10951.36764146
1	37600914	8123.409315243	102105.81113092
1	37679799	8139.914580792	2666.1727166823
1	37696607	8143.450922125	50.868542895024
1	37798252	8164.726427753	7032.83679205
1	37798677	8164.816804743	2854.8695396742
1	37933892	8193.272756979	1367.0423877051
1	37951313	8196.935023057	53.033330457092
2	3150163	1000.519880386	1.75656772
2	3224090	1012.252586602	11.732706216
2	3239795	1014.787358013	2.534771411
2	3255348	1017.254649933	2.46729192
2	3293539	1023.307928437	6.053278504
2	3347450	1032.006196179	8.698267742
2	3480756	1054.270128471	22.263932292
2	3620298	1077.925976684	23.655848213
2	3648949	1082.817276675	4.891299991
2	3649287	1082.875100988	0.057824313
2	3677776	1087.724926786	4.849825798
2	3720013	1094.965493659	7.240566873
2	3730498	1096.759185249	1.79369159
2	3921178	1129.337995927	32.578810678
2	3952020	1134.606686524	5.268690597
2	3980514	1139.519031862	4.912345338
2	4224023	1181.290668956	41.771637094
2	4243965	1184.748654298	3.457985342
2	4266240	1188.577464503	3.828810205
2	4317568	1197.438959195	8.861494692
2	4392734	1210.345473587	12.906514392
2	4419831	1215.044772407	4.69929882
2	4442184	1218.888711145	3.843938738
2	4543839	1236.346256658	17.457545513
2	4611300	1247.963537059	11.617280401
2	4664699	1257.13173134	9.168194281
2	4710365	1265.033947188	7.902215848
2	4805014	1281.259724755	16.225777567
2	4908788	1299.085392269	17.825667514
2	4944146	1305.162727523	6.077335254
2	4977251	1310.894980756	5.732253233
2	5012568	1316.935805154	6.040824398
2	5102280	1332.252244865	15.316439711
2	5217729	1352.092668268	19.840423403
2	5301293	1366.498786865	14.406118597
2	5398604	1383.203512475	16.70472561
2	5435642	1389.589975831	6.386463356
2	5527894	1405.357651359	15.767675528
2	5569429	1412.489859811	7.132208452
2	5697858	1434.488384662	21.998524851
2	5731024	1440.173036223	5.684651561
2	5773890	1447.617455714	7.444419491
2	5825858	1456.538084623	8.920628909
2	5880257	1465.904795427	9.366710804
2	5909775	1470.955641882	5.050846455
2	5912814	1471.479261067	0.523619185
2	5964784	1480.35848452	8.879223453
2	6007609	1487.725486188	7.367001668
2	6015696	1489.081346737	1.355860549
2	6061682	1497.021632836	7.940286099
2	6166033	1514.910238797	17.888605961
2	6190532	1519.078984951	4.168746154
2	6265869	1531.96802768	12.889042729
2	6398616	1554.752429683	22.784402003
2	6407303	1556.188490858	1.436061175
2	6426953	1559.568084502	3.379593644
2	6455308	1564.403237407	4.835152905
2	6518610	1575.170090835	10.766853428
2	6544975	1579.691585178	4.521494343
2	6687058	1604.570304474	24.878719296
2	6700138	1606.823703921	2.253399447
2	6741512	1614.086529412	7.262825491
2	6882982	1638.934507286	24.847977874
2	6923982	1646.174807315	7.240300029
2	6965439	1653.491704483	7.316897168
2	6979289	1655.975372101	2.483667618
2	6987671	1657.405848066	1.430475965
2	7115057	1679.943586807	22.537738741
2	7152630	1686.57351085	6.629924043
2	7174171	1690.433669621	3.860158771
2	7185372	1692.391951458	1.958281837
2	7250501	1703.931459931	11.539508473
2	7272772	1707.833473164	3.902013233
2	7282517	1709.52408864	1.690615476
2	7377640	1726.422174626	16.898085986
2	7405060	1731.248196229	4.826021603
2	7423788	1734.607246943	3.359050714
2	7547524	1756.56715117	21.959904227
2	7748826	1792.234305757	35.667154587
2	7835413	1807.700771132	15.466465375
2	7902993	1819.693491643	11.992720511
2	8046889	1845.394378591	25.700886948
2	8100325	1854.928970652	9.534592061
2	8103732	1855.515651084	0.586680432
2	8125186	1859.325455329	3.809804245
2	8163032	1866.079896829	6.7544415
2	8255622	1882.607845557	16.527948728
2	8261986	1883.757770144	1.149924587
2	8321287	1894.326445855	10.568675711
2	8338258	1897.357202271	3.030756416
2	8351683	1899.755600121	2.39839785
2	8443721	1916.76151261	17.005912489
2	8567313	1939.847882978	23.086370368
2	8719649	1968.257385933	28.409502955
2	8727200	1969.694685364	1.437299431
2	8743809	1972.750647539	3.055962175
2	8799411	1983.055760153	10.305112614
2	8849499	1992.454816237	9.399056084
2	8893259	2000.62795981	8.173143573
2	8895723	2001.063575877	0.435616067
2	8937502	2008.817036416	7.753460539
2	9007431	2021.818927726	13.00189131
2	9019456	2024.030086934	2.211159208
2	9117824	2042.332472275	18.302385341
2	9119656	2042.700956897	0.368484622
2	9172992	2052.616853631	9.915896734
2	9177578	2053.45367662	0.836822989
2	9205156	2058.589322026	5.135645406
2	9267074	2069.975730162	11.386408136
2	9277100	2071.865523304	1.889793142
2	9300566	2076.145583184	4.28005988
2	9332155	2082.009469962	5.863886778
2	9399450	2094.465416193	12.455946231
2	9576207	2127.189990553	32.72457436
2	9601744	2131.917154993	4.72716444
2	9682781	2146.936426971	15.019271978
2	9690935	2148.455667306	1.519240335
2	9715381	2152.977675099	4.522007793
2	9731199	2155.864228237	2.886553138
2	9743615	2158.191670825	2.327442588
2	9757024	2160.649917771	2.458246946
2	9802811	2169.095490714	8.445572943
2	9885516	2184.45131888	15.355828166
2	9936780	2193.958317835	9.506998955
2	9944628	2195.406648339	1.448330504
2	9949603	2196.297562347	0.890914008
2	10066730	2217.877547876	21.579985529
2	10086028	2221.413091205	3.535543329
2	10129625	2229.479258945	8.06616774
2	10200678	2242.687831536	13.208572591
2	10202203	2242.964373856	0.27654232
2	10299466	2260.823358403	17.858984547
2	10365017	2272.881016669	12.057658266
2	10408783	2280.930931526	8.049914857
2	10463089	2290.957203624	10.026272098
2	10481623	2294.357742104	3.40053848
2	10618294	2319.416528555	25.058786451
2	10638936	2323.17416879	3.757640235
2	10646783	2324.66920224	1.49503345
2	10682259	2331.165563993	6.496361753
2	10702825	2334.945109026	3.779545033
2	10747605	2343.128531437	8.183422411
2	10767127	2346.793009081	3.664477644
2	10837064	2360.08137553	13.288366449
2	10889029	2369.822425505	9.741049975
2	10895019	2370.913270796	1.090845291
2	10930104	2377.53846226	6.625191464
2	10978525	2386.537841442	8.999379182
2	11067658	2403.232681178	16.694839736
2	11070356	2403.758784098	0.52610292
2	11111690	2411.500198342	7.741414244
2	11214209	2430.737273084	19.237074742
2	11306585	2447.973170102	17.235897018
2	11543325	2492.350622652	44.37745255
2	11545891	2492.857543609	0.506920957
2	11569904	2497.364610186	4.507066577
2	11591914	2501.427680494	4.063070308
2	11617802	2506.222264701	4.794584207
2	11635945	2509.642596384	3.420331683
2	11644130	2511.156827349	1.514230965
2	11680618	2517.964033431	6.807206082
2	11745168	2530.010458526	12.046425095
2	11771394	2534.923838689	4.913380163
2	11778084	2536.160599518	1.236760829
2	11790199	2538.443857115	2.283257597
2	11814634	2542.97391526	4.530058145
2	11865109	2552.254102492	9.280187232
2	11877459	2554.537968186	2.283865694
2	11949471	2567.903487906	13.36551972
2	11963932	2570.696920447	2.793432541
2	11977068	2573.095196697	2.39827625
2	12025033	2582.222636266	9.127439569
2	12067816	2590.555573679	8.332937413
2	12129434	2602.46681962	11.911245941
2	12273665	2630.121244758	27.654425138
2	12427151	2659.793703224	29.672458466
2	12444640	2663.153057122	3.359353898
2	12465499	2667.117892296	3.964835174
2	12523191	2678.196133499	11.078241203
2	12614797	2695.795249248	17.599115749
2	12645660	2701.705635234	5.910385986
2	12679674	2708.225755215	6.520119981
2	12781789	2727.846720881	19.620965666
2	12787574	2728.910399203	1.063678322
2	12799925	2731.276329897	2.365930694
2	12882797	2747.042357382	15.766027485
2	12905199	2751.339162784	4.296805402
2	12937112	2757.472644479	6.133481695
2	13033910	2775.937480566	18.464836087
2	13065785	2782.074255843	6.136775277
2	13179340	2803.725178724	21.650922881
2	13359919	2838.27531591	34.550137186
2	13432436	2852.171951883	13.896635973
2	13471629	2859.690552148	7.518600265
2	13481136	2861.513784718	1.82323257
2	13482593	2861.803713525	0.289928807
2	13632272	2890.34632261	28.542609085
2	13726609	2908.548227337	18.201904727
2	13734512	2910.019011011	1.470783674
2	13802961	2923.077020027	13.058009016
2	14019760	2964.64367207	41.566652043
2	14021208	2964.903194395	0.259522325
2	14118516	2983.492241026	18.589046631
2	14157938	2990.9802415	7.488000474
2	14170277	2993.359323471	2.379081971
2	14215606	3002.001086384	8.641762913
2	14217083	3002.28144101	0.280354626
2	14232573	3005.276464821	2.995023811
2	14274053	3013.116287757	7.839822936
2	14274309	3013.157976454	0.041688697
2	14276731	3013.65827453	0.500298076
2	14453126	3047.288504915	33.630230385
2	14472004	3050.849372241	3.560867326
2	14489781	3054.199657651	3.35028541
2	14583270	3072.30986583	18.110208179
2	14607602	3077.088118233	4.778252403
2	14631169	3081.71064906	4.622530827
2	14695199	3094.224326209	12.513677149
2	14802562	3115.09604639	20.871720181
2	14813964	3117.343887502	2.247841112
2	14835627	3121.59951369	4.255626188
2	14839848	3122.39507215	0.79555846
2	14885360	3131.234338401	8.839266251
2	14969385	3147.638895776	16.404557375
2	15015994	3156.645951617	9.007055841
2	15065024	3166.132892574	9.486940957
2	15082728	3169.603314107	3.470421533
2	15219769	3196.075920435	26.472606328
2	15242681	3200.582662009	4.506741574
2	15246513	3201.311858633	0.729196624
2	15246922	3201.395447449	0.083588816
2	15259133	3203.760462536	2.365015087
2	15372318	3225.696838983	21.936376447
2	15378034	3226.785127422	1.088288439
2	15390342	3229.111581427	2.326454005
2	15431703	3237.042661951	7.931080524
2	15626492	3274.697046364	37.654384413
2	15636475	3276.618435842	1.921389478
2	15639101	3277.062740386	0.444304544
2	15724929	3293.594734107	16.531993721
2	15760636	3300.454313374	6.859579267
2	15839402	3315.658391785	15.204078411
2	15909139	3329.099107259	13.440715474
2	16184557	3382.36822842	53.269121161
2	16195927	3384.595351375	2.227122955
2	16287876	3402.385554825	17.79020345
2	16356349	3415.663743174	13.278188349
2	16378211	3419.928908342	4.265165168
2	16402592	3424.6993499	4.770441558
2	16407323	3425.620977278	0.921627378
2	16489298	3441.883674805	16.262697527
2	16530712	3451.485060451	9.601385646
2	16655719	3480.197692496	28.712632045
2	16656605	3480.431352328	0.233659832
2	16672946	3484.1823956	3.751043272
2	16675087	3484.665552271	0.483156671
2	16722659	3495.566864439	10.901312168
2	16732797	3497.876551496	2.309687057
2	16741890	3499.901137153	2.024585657
2	16742333	3499.990424348	0.089287195
2	16769223	3506.145176765	6.154752417
2	16810418	3515.592589855	9.44741309
2	16826225	3519.163300442	3.570710587
2	16831623	3520.393522506	1.230222064
2	16886285	3532.826182205	12.432659699
2	16969126	3551.692739839	18.866557634
2	17028992	3565.345122439	13.6523826
2	17176768	3599.150934277	33.805811838
2	17190153	3602.215570319	3.064636042
2	17284740	3623.817277673	21.601707354
2	17291877	3625.44744497	1.630167297
2	17367617	3642.779002282	17.331557312
2	17480747	3668.819993664	26.040991382
2	17529435	3680.041078251	11.221084587
2	17584116	3692.782567392	12.741489141
2	17653823	3708.927777196	16.145209804
2	17675313	3713.868234235	4.940457039
2	17710795	3722.018476703	8.150242468
2	17861517	3756.803159746	34.784683043
2	17897804	3765.149433729	8.346273983
2	17962557	3780.112283391	14.962849662
2	18032316	3796.113598377	16.001314986
2	18094412	3810.408606448	14.295008071
2	18095261	3810.631888542	0.223282094
2	18103556	3812.504135993	1.872247451
2	18108412	3813.63665146	1.132515467
2	18133632	3819.39171819	5.75506673
2	18313734	3860.767541041	41.375822851
2	18351038	3869.402756955	8.635215914
2	18364359	3872.470029216	3.067272261
2	18405070	3881.954084751	9.484055535
2	18510796	3907.324998986	25.370914235
2	18528407	3911.504788519	4.179789533
2	18558184	3918.629824705	7.125036186
2	18605284	3929.876339823	11.246515118
2	18628156	3935.284056033	5.40771621
2	18633406	3936.555917147	1.271861114
2	18699095	3952.217500375	15.661583228
2	18712370	3955.419737792	3.202237417
2	18748149	3964.02299495	8.603257158
2	18775575	3970.527568879	6.504573929
2	18833100	3984.154665957	13.627097078
2	18860552	3990.749139755	6.594473798
2	18876315	3994.417645978	3.668506223
2	18900125	4000.04221033	5.624564352
2	18909839	4002.347981577	2.305771247
2	18978501	4018.641708761	16.293727184
2	19003076	4024.422250498	5.780541737
2	19096403	4046.436483808	22.01423331
2	19173911	4064.751504619	18.315020811
2	19202010	4071.420208132	6.668703513
2	19215341	4074.547764363	3.127556231
2	19247956	4082.181553999	7.633789636
2	19249248	4082.500683689	0.31912969
2	19254857	4083.825877336	1.325193647
2	19334028	4102.42512926	18.599251924
2	19371185	4111.193314411	8.768185151
2	19381138	4113.555320846	2.362006435
2	19453422	4130.594204834	17.038883988
2	19484072	4137.774380045	7.180175211
2	19501553	4141.904227748	4.129847703
2	19557575	4154.96605563	13.061827882
2	19570000	4157.970568399	3.004512769
2	19587187	4161.994371437	4.023803038
2	19667870	4180.892356449	18.897985012
2	19705936	4189.849951096	8.957594647
2	19720199	4193.253560512	3.403609416
2	19736971	4197.136429706	3.882869194
2	19785501	4208.5840295	11.447599794
2	19855278	4225.027259672	16.443230172
2	19856022	4225.198221338	0.170961666
2	19869341	4228.300686552	3.102465214
2	19884562	4231.919572325	3.618885773
2	19915572	4239.24479578	7.325223455
2	19915839	4239.301944313	0.057148533
2	19995942	4258.247662419	18.945718106
2	20006502	4260.765159327	2.517496908
2	20053640	4271.808929066	11.043769739
2	20073979	4276.5824587	4.773529634
2	20136610	4291.35186033	14.76940163
2	20209119	4308.441617886	17.089757556
2	20359341	4343.808922511	35.367304625
2	20436836	4362.130144501	18.32122199
2	20567036	4392.747703458	30.617558957
2	20576095	4394.793419201	2.045715743
2	20613752	4403.683146969	8.889727768
2	20619830	4405.070326584	1.387179615
2	20641850	4410.254153141	5.183826557
2	20644180	4410.761121708	0.506968567
2	20737976	4432.710616334	21.949494626
2	20746469	4434.720692884	2.01007655
2	20802787	4447.893938511	13.173245627
2	20813706	4450.464762264	2.570823753
2	20848060	4458.476322558	8.011560294
2	20900114	4470.60881755	12.132494992
2	20954506	4483.289637767	12.680820217
2	20963850	4485.524317794	2.234680027
2	20969577	4486.859360033	1.335042239
2	21008387	4495.890460246	9.031100213
2	21096771	4516.389721194	20.499260948
2	21149726	4528.739666056	12.349944862
2	21155984	4530.185242569	1.445576513
2	21294417	4562.507598956	32.322356387
2	21330141	4570.887591483	8.379992527
2	21457969	4600.685431631	29.797840148
2	21512431	4613.362455233	12.677023602
2	21544940	4620.987897685	7.625442452
2	21563251	4625.256947418	4.269049733
2	21571265	4627.082703955	1.825756537
2	21628874	4640.478045808	13.395341853
2	21658470	4647.342516635	6.864470827
2	21668994	4649.768767705	2.42625107
2	21768392	4672.852819051	23.084051346
2	21769753	4673.161833041	0.30901399
2	21809050	4682.325463073	9.163630032
2	21843373	4690.259379727	7.933916654
2	21949027	4714.700508504	24.441128777
2	21978782	4721.573993986	6.873485482
2	22010224	4728.858071117	7.284077131
2	22029525	4733.215121609	4.357050492
2	22142540	4759.388386365	26.173264756
2	22258337	4786.193062209	26.804675844
2	22322179	4801.032824769	14.83976256
2	22375224	4813.159033958	12.126209189
2	22416788	4822.742930648	9.58389669
2	22460079	4832.731947803	9.989017155
2	22463298	4833.456165512	0.724217709
2	22515663	4845.518785484	12.062619972
2	22556261	4854.806655691	9.287870207
2	22576557	4859.572375478	4.765719787
2	22597004	4864.219517833	4.647142355
2	22618394	4869.166465133	4.9469473
2	22645861	4875.474448974	6.307983841
2	22678833	4883.079074542	7.604625568
2	22742176	4897.658547104	14.579472562
2	22745414	4898.424877834	0.76633073
2	22838985	4919.967874244	21.54299641
2	22978231	4951.943195604	31.97532136
2	22999703	4956.868606196	4.925410592
2	23013481	4959.998517309	3.129911113
2	23027216	4963.178486387	3.179969078
2	23112463	4982.761370375	19.582883988
2	23157179	4992.946586836	10.185216461
2	23164047	4994.506189168	1.559602332
2	23169479	4995.742513612	1.236324444
2	23203528	5003.485266884	7.742753272
2	23239001	5011.629443844	8.14417696
2	23254195	5015.005921425	3.376477581
2	23256090	5015.473210645	0.46728922
2	23260304	5016.465828541	0.992617896
2	23323915	5030.909610923	14.443782382
2	23339941	5034.613011081	3.703400158
2	23354235	5037.859189468	3.246178387
2	23401698	5048.686517231	10.827327763
2	23416838	5052.141567401	3.45505017
2	23448648	5059.307461555	7.165894154
2	23582964	5089.829916965	30.52245541
2	23652311	5105.63524248	15.805325515
2	23744731	5126.642275837	21.007033357
2	23844906	5149.372227846	22.729952009
2	23851158	5150.780917292	1.408689446
2	23862728	5153.392144471	2.611227179
2	23872963	5155.716403076	2.324258605
2	23873068	5155.734445781	0.018042705
2	23885079	5158.436698	2.702252219
2	23947731	5172.680123429	14.243425429
2	23948022	5172.725185245	0.045061816
2	23961654	5175.80387081	3.078685565
2	24049781	5195.655694662	19.851823852
2	24055617	5196.96675644	1.311061778
2	24178170	5224.678553709	27.711797269
2	24205452	5230.788240726	6.109687017
2	24227579	5235.797317747	5.009077021
2	24317086	5255.953829169	20.156511422
2	24331167	5259.117909797	3.164080628
2	24342001	5261.607899352	2.489989555
2	24410701	5277.055418156	15.447518804
2	24421578	5279.459756811	2.404338655
2	24464521	5289.116477681	9.65672087
2	24545995	5307.410702179	18.294224498
2	24599842	5319.522768282	12.112066103
2	24643113	5329.301235408	9.778467126
2	24754589	5354.34162076	25.040385352
2	24850662	5375.865073111	21.523452351
2	24866318	5379.400154032	3.535080921
2	24929229	5393.48980252	14.089648488
2	24943631	5396.755999721	3.266197201
2	24969806	5402.665629509	5.909629788
2	24987502	5406.633874689	3.96824518
2	25013874	5412.550692742	5.916818053
2	25059771	5422.789554775	10.238862033
2	25144147	5441.713310618	18.923755843
2	25174626	5448.614181147	6.900870529
2	25232397	5461.568258401	12.954077254
2	25288519	5474.135037035	12.566778634
2	25363962	5491.039534244	16.904497209
2	25400879	5499.252755702	8.213221458
2	25433295	5506.591683126	7.338927424
2	25438461	5507.753172017	1.161488891
2	25495711	5520.542299421	12.789127404
2	25562320	5535.449847603	14.907548182
2	25637216	5552.108950231	16.659102628
2	25688005	5563.403715966	11.294765735
2	25792883	5586.848832408	23.445116442
2	25839209	5597.107440343	10.258607935
2	25942714	5620.081542677	22.974102334
2	26030047	5639.585270453	19.503727776
2	26207916	5679.184892631	39.599622178
2	26379428	5717.420760679	38.235868048
2	26410850	5724.330014645	6.909253966
2	26435318	5729.767464805	5.43745016
2	26540815	5753.223298995	23.45583419
2	26582900	5762.595114668	9.371815673
2	26604115	5767.291057708	4.69594304
2	26631020	5773.244198001	5.953140293
2	26712988	5791.450852027	18.206654026
2	26744165	5798.299521903	6.848669876
2	26761989	5802.246612638	3.947090735
2	26821219	5815.377199566	13.130586928
2	26856799	5823.200616319	7.823416753
2	26956137	5845.162002755	21.961386436
2	27027260	5860.822328916	15.660326161
2	27038773	5863.367419876	2.54509096
2	27152136	5888.404870944	25.037451068
2	27156958	5889.477264047	1.072393103
2	27222549	5903.887714663	14.410450616
2	27258648	5911.778176004	7.890461341
2	27370446	5936.278690116	24.500514112
2	27376420	5937.648800833	1.370110717
2	27460410	5956.094189455	18.445388622
2	27493998	5963.404594578	7.310405123
2	27615901	5990.05183316	26.647238582
2	27796450	6029.597285591	39.545452431
2	27859004	6043.286616759	13.689331168
2	27911145	6054.754971359	11.4683546
2	27967632	6067.185240906	12.430269547
2	27974702	6068.746187875	1.560946969
2	27993683	6072.909730818	4.163542943
2	28049060	6085.002871276	12.093140458
2	28137328	6104.392786402	19.389915126
2	28168439	6111.203400698	6.810614296
2	28182589	6114.284931855	3.081531157
2	28202684	6118.689803848	4.404871993
2	28256737	6130.571994916	11.882191068
2	28273923	6134.256968215	3.684973299
2	28292773	6138.390556986	4.133588771
2	28379655	6157.249331927	18.858774941
2	28398054	6161.262131905	4.012799978
2	28696331	6226.331707492	65.069575587
2	28740932	6236.036516173	9.704808681
2	28743614	6236.65778861	0.621272437
2	28829604	6255.398942786	18.741154176
2	28835290	6256.651618424	1.252675638
2	28872715	6264.78269328	8.131074856
2	28875584	6265.406418597	0.623725317
2	28877347	6265.784225394	0.377806797
2	28880695	6266.544203989	0.759978595
2	28917217	6274.514023322	7.969819333
2	28953826	6282.478049862	7.96402654
2	28990626	6290.556254771	8.078204909
2	29168523	6329.365277185	38.809022414
2	29265194	6350.489635701	21.124358516
2	29318413	6362.131780761	11.64214506
2	29379279	6375.439793904	13.308013143
2	29584701	6420.28644577	44.846651866
2	29681088	6441.453695082	21.167249312
2	29695574	6444.658309849	3.204614767
2	29745286	6455.580978276	10.922668427
2	29778013	6462.686144866	7.10516659
2	29785914	6464.420474256	1.73432939
2	29936097	6497.268523757	32.848049501
2	29949449	6500.180702635	2.912178878
2	30012478	6513.977646711	13.796944076
2	30027638	6517.339829663	3.362182952
2	30053827	6522.99565481	5.655825147
2	30106159	6534.429368262	11.433713452
2	30238866	6563.338690707	28.909322445
2	30255558	6566.950469472	3.611778765
2	30312879	6579.47049818	12.520028708
2	30473262	6614.472806342	35.002308162
2	30488675	6617.828858725	3.356052383
2	30491994	6618.509422068	0.680563343
2	30508431	6622.074916705	3.565494637
2	30618660	6645.994894508	23.919977803
2	30657998	6654.531770595	8.536876087
2	30714979	6666.873478065	12.34170747
2	30722599	6668.503523816	1.630045751
2	30760059	6676.539659414	8.036135598
2	30801600	6685.474484275	8.934824861
2	30966439	6720.89956299	35.425078715
2	30971973	6722.03330191	1.13373892
2	31008030	6729.795723157	7.762421247
2	31015745	6731.465504744	1.669781587
2	31016180	6731.555234808	0.089730064
2	31029893	6734.499988573	2.944753765
2	31055283	6739.92617747	5.426188897
2	31096363	6748.692808515	8.766631045
2	31114033	6752.427810044	3.735001529
2	31228432	6776.922158286	24.494348242
2	31311012	6794.546193671	17.624035385
2	31334387	6799.488663765	4.942470094
2	31441267	6822.265504955	22.77684119
2	31477739	6829.990273159	7.724768204
2	31719284	6881.681116524	51.690843365
2	31763334	6891.18376622	9.502649696
2	31805139	6900.188095765	9.004329545
2	31977073	6937.21137378	37.023278015
2	31996103	6941.274421325	4.063047545
2	31998310	6941.741103862	0.466682537
2	32060399	6955.126721928	13.385618066
2	32071186	6957.43035166	2.303629732
2	32080473	6959.397528444	1.967176784
2	32092109	6961.887011126	2.489482682
2	32094334	6962.346519081	0.459507955
2	32163108	6977.101329598	14.754810517
2	32166933	6977.923689666	0.822360068
2	32175731	6979.812517239	1.888827573
2	32184376	6981.63770149	1.825184251
2	32224110	6990.101304875	8.463603385
2	32230059	6991.347328625	1.24602375
2	32366314	7020.433670261	29.086341636
2	32438232	7035.761371274	15.327701013
2	32509027	7050.824988606	15.063617332
2	32521797	7053.54973831	2.724749704
2	32527097	7054.686955775	1.137217465
2	32547019	7058.888886437	4.201930662
2	32551782	7059.926876582	1.037990145
2	32623680	7075.211442884	15.284566302
2	32704247	7092.353276738	17.141833854
2	32759457	7104.060418109	11.707141371
2	32876069	7128.849245783	24.788827674
2	32903900	7134.72730556	5.878059777
2	33048574	7165.277745586	30.550440026
2	33057693	7167.251253601	1.973508015
2	33129409	7182.415346134	15.164092533
2	33132554	7183.047893936	0.632547802
2	33149191	7186.581093435	3.533199499
2	33195528	7196.366668364	9.785574929
2	33240277	7205.818223079	9.451554715
2	33282137	7214.702153505	8.883930426
2	33317628	7222.16336099	7.461207485
2	33324810	7223.68721487	1.52385388
2	33463894	7253.019526528	29.332311658
2	33638001	7289.67596513	36.656438602
2	33642414	7290.635057051	0.959091921
2	33666996	7295.727916988	5.092859937
2	33688383	7300.272698711	4.544781723
2	33703012	7303.334588252	3.061889541
2	33804852	7324.748110334	21.413522082
2	33902809	7345.349031537	20.600921203
2	33909695	7346.815682684	1.466651147
2	33927916	7350.639334418	3.823651734
2	34061435	7378.725294111	28.085959693
2	34151588	7397.761512792	19.036218681
2	34263342	7421.267199105	23.505686313
2	34312722	7431.703941666	10.436742561
2	34322009	7433.627626363	1.923684697
2	34386004	7447.148428123	13.52080176
2	34401302	7450.357232561	3.208804438
2	34481113	7467.173028992	16.815796431
2	34616010	7495.531075194	28.358046202
2	34674764	7507.897211032	12.366135838
2	34849313	7544.58724872	36.690037688
2	34883457	7551.794906351	7.207657631
2	34919773	7559.423476271	7.62856992
2	34929519	7561.483392424	2.059916153
2	34956858	7567.234460944	5.75106852
2	35121866	7602.035803141	34.801342197
2	35129251	7603.585736424	1.549933283
2	35165565	7611.207159323	7.621422899
2	35188016	7615.911959762	4.704800439
2	35612708	7705.127359832	89.21540007
2	35662659	7715.644958058	10.517598226
2	35676200	7718.471962246	2.827004188
2	35686281	7720.587845163	2.115882917
2	35694330	7722.322488375	1.734643212
2	35882299	7761.712535058	39.390046683
2	35957932	7777.542387967	15.829852909
2	36021887	7790.985138886	13.442750919
2	36056743	7798.324026156	7.33888727
2	36200367	7828.483939029	30.159912873
2	36252767	7839.461896241	10.977957212
2	36256703	7840.282063898	0.820167657
2	36284217	7846.044939128	5.76287523
2	36308310	7851.132214089	5.087274961
2	36489081	7889.11097962	37.978765531
2	36578804	7908.017868226	18.906888606
2	36739845	7942.168592909	34.150724683
2	36748263	7943.951077378	1.782484469
2	36829062	7961.000117409	17.049040031
2	36842546	7963.918784149	2.91866674
2	36861697	7967.953196998	4.034412849
2	36908365	7977.745772536	9.792575538
2	36917402	7979.718684721	1.972912185
2	36946906	7985.935461665	6.216776944
2	36996213	7996.41910099	10.483639325
2	37006221	7998.532516801	2.113415811
2	37006422	7998.577022155	0.044505354
2	37045796	8006.872107022	8.295084867
2	37090474	8016.301819276	9.429712254
2	37153569	8029.487543315	13.185724039
2	37175144	8034.023615316	4.536072001
2	37291973	8058.651747366	24.62813205
2	37403219	8081.92591207	23.274164704
2	37437810	8089.16164053	7.23572846
2	37481245	8098.248382374	9.086741844
2	37565627	8115.944064398	17.695682024
2	37581149	8119.250181123	3.306116725
2	37600914	8123.409315243	4.15913412
2	37679799	8139.914580792	16.505265549
2	37696607	8143.450922125	3.536341333
2	37798252	8164.726427753	21.275505628
2	37798677	8164.816804743	0.09037699
2	37933892	8193.272756979	28.455952236
2	37951313	8196.935023057	3.662266078
3	3182979	1005.731979856	1005.731979856
3	3185763	1006.17340923	0.441429374
3	3199836	1008.439775299	2.266366069
3	3232710	1013.661760996	5.221985697
3	3333682	1029.724838456	16.06307746
3	3362521	1034.527759083	4.802920627
3	3381541	1037.702608176	3.174849093
3	3389679	1039.07193661	1.369328434
3	3439143	1047.309145898	8.237209288
3	3505402	1058.382523444	11.073377546
3	3541923	1064.568774339	6.186250895
3	3567142	1068.852563879	4.28378954
3	3611405	1076.377050545	7.524486666
3	3778350	1104.902472959	28.525422414
3	3791698	1107.155289788	2.252816829
3	3861997	1119.153019912	11.997730124
3	3893208	1124.508378724	5.355358812
3	3958365	1135.682590142	11.174211418
3	3966508	1137.100693377	1.418103235
3	4008767	1144.333923263	7.233229886
3	4152800	1169.062599821	24.728676558
3	4154246	1169.302041504	0.239441683
3	4160038	1170.309726977	1.007685473
3	4198024	1176.826253508	6.516526531
3	4234242	1183.065467323	6.239213815
3	4240195	1184.058714024	0.993246701
3	4302399	1194.843520049	10.784806025
3	4374599	1207.278388133	12.434868084
3	4435515	1217.738175859	10.459787726
3	4549641	1237.345006984	19.606831125
3	4577109	1242.062112682	4.717105698
3	4642516	1253.308779893	11.246667211
3	4702765	1263.724008497	10.415228604
3	4787814	1278.298576467	14.57456797
3	5006090	1315.833790336	37.535213869
3	5038153	1321.260484793	5.426694457
3	5054828	1324.140256126	2.879771333
3	5133420	1337.59534046	13.455084334
3	5154384	1341.202145091	3.606804631
3	5201190	1349.233737105	8.031592014
3	5311794	1368.325816065	19.09207896
3	5337708	1372.800882341	4.475066276
3	5341940	1373.4747707	0.673888359
3	5532481	1406.161025249	32.686254549
3	5566912	1412.082904593	5.921879344
3	5569665	1412.53117719	0.448272597
3	5654433	1427.005491572	14.474314382
3	5701812	1435.177193249	8.171701677
3	5828409	1456.986052051	21.808858802
3	5925062	1473.590397061	16.60434501
3	5947257	1477.34948598	3.759088919
3	5982335	1483.391713056	6.042227076
3	6052452	1495.407293911	12.015580855
3	6171028	1515.742025007	20.334731096
3	6172024	1515.912058903	0.170033896
3	6198631	1520.455874027	4.543815124
3	6220836	1524.260883713	3.805009686
3	6265652	1531.936312407	7.675428694
3	6396635	1554.382779046	22.446466639
3	6466627	1566.326402427	11.943623381
3	6539020	1578.679298766	12.352896339
3	6617449	1592.276034893	13.596736127
3	6643378	1596.885107938	4.609073045
3	6669171	1601.393773984	4.508666046
3	6703416	1607.394367065	6.000593081
3	6748461	1615.292828445	7.89846138
3	6787610	1622.14144183	6.848613385
3	6788378	1622.281151358	0.139709528
3	6799184	1624.225090988	1.94393963
3	6805106	1625.217376795	0.992285807
3	6839603	1631.321217679	6.103840884
3	6854137	1633.887332586	2.566114907
3	6935821	1648.257019036	14.36968645
3	6944280	1649.802627188	1.545608152
3	6965121	1653.441062933	3.638435745
3	6986545	1657.197174406	3.756111473
3	7026730	1664.286226276	7.08905187
3	7101231	1677.460198031	13.173971755
3	7141150	1684.541357982	7.081159951
3	7220160	1698.510264896	13.968906914
3	7227547	1699.804261308	1.293996412
3	7237505	1701.57495959	1.770698282
3	7251922	1704.156733945	2.581774355
3	7334748	1718.788368594	14.631634649
3	7377195	1726.345502455	7.557133861
3	7447432	1738.775055022	12.429552567
3	7518412	1751.406740004	12.631684982
3	7648755	1774.494060548	23.087320544
3	7665058	1777.41211159	2.918051042
3	7698362	1783.324607237	5.912495647
3	7778666	1797.561030928	14.236423691
3	7810484	1803.210550545	5.649519617
3	7844214	1809.251199794	6.040649249
3	7883765	1816.261276518	7.010076724
3	7980087	1833.406479708	17.14520319
3	8047923	1845.600275409	12.193795701
3	8074785	1850.363818801	4.763543392
3	8146365	1863.084804121	12.72098532
3	8163040	1866.079896829	2.995092708
3	8164055	1866.264780111	0.184883282
3	8200391	1872.806461269	6.541681158
3	8265201	1884.330745965	11.524284696
3	8304348	1891.304930879	6.974184914
3	8333106	1896.44579446	5.140863581
3	8337376	1897.184403667	0.738609207
3	8357223	1900.77730729	3.592903623
3	8393534	1907.474467814	6.697160524
3	8445634	1917.102972776	9.628504962
3	8460497	1919.892808292	2.789835516
3	8493597	1926.008037674	6.115229382
3	8498207	1926.906619332	0.898581658
3	8517869	1930.641725438	3.735106106
3	8608412	1947.473617312	16.831891874
3	8680224	1960.874575804	13.400958492
3	8703411	1965.194371551	4.319795747
3	8825761	1988.049471609	22.855100058
3	8911498	2003.962773287	15.913301678
3	8937510	2008.817036416	4.854263129
3	8964508	2013.896957458	5.079921042
3	8987982	2018.171830192	4.274872734
3	9142102	2046.836859859	28.665029667
3	9221638	2061.618935847	14.782075988
3	9466685	2106.924679347	45.3057435
3	9516936	2116.234350136	9.309670789
3	9548898	2122.150909903	5.916559767
3	9580009	2127.896834415	5.745924512
3	9594900	2130.667038433	2.770204018
3	9644235	2139.792728718	9.125690285
3	9675562	2145.586014063	5.793285345
3	9680547	2146.520272304	0.934258241
3	9708862	2151.756555435	5.236283131
3	9751710	2159.671689032	7.915133597
3	9752540	2159.819746521	0.148057489
3	9763716	2161.880595363	2.060848842
3	9892181	2185.689408279	23.808812916
3	9918221	2190.497884972	4.808476693
3	10041177	2213.147203002	22.64931803
3	10175500	2237.987151896	24.839948894
3	10176123	2238.087647357	0.100495461
3	10241099	2250.038198549	11.950551192
3	10298749	2260.685582961	10.647384412
3	10404159	2280.060320906	19.374737945
3	10426465	2284.129085067	4.068764161
3	10482400	2294.503877732	10.374792665
3	10563056	2309.260753042	14.75687531
3	10568599	2310.273992226	1.013239184
3	10636412	2322.753985701	12.479993475
3	10676433	2330.066446888	7.312461187
3	10780190	2349.261265923	19.194819035
3	10794267	2351.953427517	2.692161594
3	10806832	2354.387960851	2.434533334
3	10877493	2367.636870456	13.248909605
3	10917394	2375.100091462	7.463221006
3	10983058	2387.363479896	12.263388434
3	11026083	2395.464232796	8.1007529
3	11047717	2399.523974096	4.0597413
3	11107419	2410.704728299	11.180754203
3	11119012	2412.891514837	2.186786538
3	11127615	2414.52269029	1.631175453
3	11207941	2429.556976663	15.034286373
3	11253019	2437.978814194	8.421837531
3	11416256	2468.52575509	30.546940896
3	11467073	2478.118773309	9.593018219
3	11546445	2492.956970447	14.838197138
3	11585113	2500.172109946	7.215139499
3	11644559	2511.232429753	11.060319807
3	11743411	2529.693754207	18.461324454
3	11826151	2545.078655173	15.384900966
3	11866025	2552.42015257	7.341497397
3	11888752	2556.633468818	4.213316248
3	11896787	2558.12942659	1.495957772
3	11919222	2562.236915377	4.107488787
3	12003097	2577.97618849	15.739273113
3	12081807	2593.211401259	15.235212769
3	12181305	2612.432573794	19.221172535
3	12299751	2635.200551304	22.76797751
3	12310802	2637.318317498	2.117766194
3	12316665	2638.44915945	1.130841952
3	12354430	2645.719906632	7.270747182
3	12567839	2686.783809248	41.063902616
3	12661554	2704.73794615	17.954136902
3	12688376	2709.861923289	5.123977139
3	12847078	2740.280233501	30.418310212
3	12951786	2760.253748132	19.973514631
3	12991920	2767.888437451	7.634689319
3	13074523	2783.741497948	15.853060497
3	13108903	2790.255008311	6.513510363
3	13141115	2796.356961371	6.10195306
3	13143164	2796.770243213	0.413281842
3	13205337	2808.678882679	11.908639466
3	13264252	2819.924958922	11.246076243
3	13381786	2842.488329501	22.563370579
3	13460677	2857.553604446	15.065274945
3	13460831	2857.589854433	0.036249987
3	13500677	2865.177023753	7.58716932
3	13506864	2866.395670025	1.218646272
3	13693343	2902.151547342	35.755877317
3	13720380	2907.320767941	5.169220599
3	13773836	2917.510810877	10.190042936
3	13794192	2921.44248017	3.931669293
3	13910596	2943.660870201	22.218390031
3	13973205	2955.660143643	11.999273442
3	14012506	2963.21637565	7.556232007
3	14100109	2979.919055819	16.702680169
3	14207469	3000.486537021	20.567481202
3	14282684	3014.784848473	14.298311452
3	14333232	3024.496302112	9.711453639
3	14389490	3035.127542696	10.631240584
3	14418523	3040.679828905	5.552286209
3	14452384	3047.134169082	6.454340177
3	14457832	3048.196493301	1.062324219
3	14465905	3049.7432037	1.546710399
3	14473813	3051.160576921	1.417373221
3	14476303	3051.660254691	0.49967777
3	14504019	3056.952122953	5.291868262
3	14517710	3059.628682674	2.676559721
3	14564405	3068.693682376	9.064999702
3	14690661	3093.348193753	24.654511377
3	14701128	3095.347941963	1.99974821
3	14766528	3108.101855463	12.7539135
3	14840977	3122.635197324	14.533341861
3	14864362	3127.125662614	4.49046529
3	15028196	3159.001551291	31.875888677
3	15040042	3161.241753682	2.240202391
3	15100066	3172.873223835	11.631470153
3	15124394	3177.594537181	4.721313346
3	15259520	3203.819997358	26.225460177
3	15444871	3239.630535535	35.810538177
3	15472786	3244.972944412	5.342408877
3	15529249	3255.829575606	10.856631194
3	15577741	3265.243569419	9.413993813
3	15621477	3273.703490087	8.459920668
3	15704124	3289.638758126	15.935268039
3	15724937	3293.594734107	3.955975981
3	15739390	3296.330445452	2.735711345
3	15768883	3302.060689903	5.730244451
3	15886710	3324.807234654	22.746544751
3	15916891	3330.649532311	5.842297657
3	15936138	3334.321483574	3.671951263
3	16022946	3351.092006532	16.770522958
3	16050029	3356.268803429	5.176796897
3	16080106	3362.066431308	5.797627879
3	16272786	3399.466450899	37.400019591
3	16316770	3408.007193911	8.540743012
3	16394782	3423.180920979	15.173727068
3	16490815	3442.244242915	19.063321936
3	16494871	3443.217777003	0.973534088
3	16532205	3451.80082485	8.583047847
3	16570845	3460.707453158	8.906628308
3	16636356	3475.760907801	15.053454643
3	16665305	3482.440992755	6.680084954
3	16743444	3500.25226788	17.811275125
3	16791190	3511.165710966	10.913443086
3	16809304	3515.321311468	4.155600502
3	16828478	3519.68506443	4.363752962
3	16830149	3520.04138099	0.35631656
3	16844863	3523.377341116	3.335960126
3	16903691	3536.804780464	13.427439348
3	16968447	3551.562345369	14.757564905
3	16975763	3553.237699464	1.675354095
3	16989388	3556.285047985	3.047348521
3	17005347	3559.96168497	3.676636985
3	17042571	3568.467938106	8.506253136
3	17056661	3571.693009802	3.225071696
3	17084678	3578.066439135	6.373429333
3	17099747	3581.560281399	3.493842264
3	17124192	3587.142396256	5.582114857
3	17164707	3596.397056672	9.254660416
3	17253297	3616.638752883	20.241696211
3	17287526	3624.448077876	7.809324993
3	17375335	3644.547627028	20.099549152
3	17428873	3656.783302426	12.235675398
3	17464671	3665.119395586	8.33609316
3	17476797	3667.912543935	2.793148349
3	17505779	3674.661210715	6.74866678
3	17593523	3694.89746629	20.236255575
3	17602942	3697.115099972	2.217633682
3	17654973	3709.184778156	12.069678184
3	17716257	3723.279724607	14.094946451
3	17729190	3726.319198917	3.03947431
3	17810858	3745.1340426	18.814843683
3	17845581	3753.175901531	8.041858931
3	18108974	3813.736043931	60.5601424
3	18174883	3828.85985679	15.123812859
3	18235374	3842.784148055	13.924291265
3	18321286	3862.531092389	19.746944334
3	18325046	3863.364476465	0.833384076
3	18334854	3865.649182202	2.284705737
3	18335011	3865.681779055	0.032596853
3	18381552	3876.376421944	10.694642889
3	18437457	3889.809902818	13.433480874
3	18563663	3919.924203871	30.114301053
3	18644989	3939.254550795	19.330346924
3	18663061	3943.652441817	4.397891022
3	18668101	3944.811889977	1.15944816
3	18768169	3968.817123	24.005233023
3	18773044	3969.917681497	1.100558497
3	18808189	3978.261149034	8.343467537
3	18931055	4007.333496149	29.072347115
3	18963089	4014.997904986	7.664408837
3	18995019	4022.537228621	7.539323635
3	19001527	4024.029697459	1.492468838
3	19090405	4044.988206714	20.958509255
3	19146593	4058.252889911	13.264683197
3	19167876	4063.33079478	5.077904869
3	19249855	4082.64414589	19.31335111
3	19298725	4094.109270584	11.465124694
3	19299177	4094.20894936	0.099678776
3	19306110	4095.827362719	1.618413359
3	19334770	4102.615149545	6.787786826
3	19365245	4109.769343752	7.154194207
3	19376582	4112.471611076	2.702267324
3	19514903	4145.021044702	32.549433626
3	19540917	4151.105926792	6.08488209
3	19567895	4157.456489745	6.350562953
3	19568383	4157.585745722	0.129255977
3	19596424	4164.087757068	6.502011346
3	19652514	4177.254013363	13.166256295
3	19655271	4177.950440118	0.696426755
3	19670627	4181.535078041	3.584637923
3	19678719	4183.488643754	1.953565713
3	19705852	4189.825936825	6.337293071
3	19730651	4195.718562928	5.892626103
3	19730999	4195.801902873	0.083339945
3	19738354	4197.495885398	1.693982525
3	19766996	4204.237895947	6.742010549
3	19831383	4219.420564854	15.182668907
3	19915847	4239.301944313	19.881379459
3	19999875	4259.157871102	19.855926789
3	20156673	4296.064523525	36.906652423
3	20195877	4305.298547771	9.234024246
3	20315487	4333.460698119	28.162150348
3	20320608	4334.67606146	1.215363341
3	20326809	4336.142413638	1.466352178
3	20386747	4350.233441869	14.091028231
3	20398035	4352.956606732	2.723164863
3	20452736	4365.857721701	12.901114969
3	20478395	4371.881707159	6.023985458
3	20478754	4371.969962358	0.088255199
3	20555883	4390.079393708	18.10943135
3	20603755	4401.37494095	11.295547242
3	20619838	4405.070326584	3.695385634
3	20648160	4411.717714042	6.647387458
3	20664638	4415.574262535	3.856548493
3	20675680	4418.108246419	2.533983884
3	20681378	4419.479279324	1.371032905
3	20690102	4421.492694357	2.013415033
3	20710923	4426.376034518	4.883340161
3	20726423	4429.985756177	3.609721659
3	20977933	4488.776070675	58.790314498
3	20989752	4491.489734675	2.713664
3	21025128	4499.774035994	8.284301319
3	21117564	4521.269946186	21.495910192
3	21182921	4536.481244671	15.211298485
3	21208040	4542.33305477	5.851810099
3	21233726	4548.294708148	5.961653378
3	21257425	4553.856767984	5.562059836
3	21391929	4585.291776905	31.435008921
3	21402750	4587.80637929	2.514602385
3	21412855	4590.133881703	2.327502413
3	21481020	4606.028116041	15.894234338
3	21509568	4612.667899395	6.639783354
3	21536386	4618.992593471	6.324694076
3	21552198	4622.662277552	3.669684081
3	21557091	4623.777319138	1.115041586
3	21557394	4623.853396225	0.076077087
3	21663964	4648.615072644	24.761676419
3	21808829	4682.265773182	33.650700538
3	21844224	4690.485237235	8.219464053
3	21885848	4700.095484435	9.6102472
3	21946477	4714.088664732	13.993180297
3	21970791	4719.748075369	5.659410637
3	22033304	4734.102841566	14.354766197
3	22097420	4749.037332926	14.93449136
3	22123741	4755.040206991	6.002874065
3	22180754	4768.199497546	13.159290555
3	22230073	4779.662977325	11.463479779
3	22247982	4783.779278308	4.116300983
3	22326448	4801.982071142	18.202792834
3	22399392	4818.722912395	16.740841253
3	22428741	4825.532908785	6.80999639
3	22468958	4834.765766608	9.232857823
3	22469547	4834.896868231	0.131101623
3	22510036	4844.215728477	9.318860246
3	22544948	4852.22775517	8.012026693
3	22567816	4857.520933457	5.293178287
3	22568669	4857.711842615	0.190909158
3	22587687	4862.093355198	4.381512583
3	22627111	4871.193192199	9.099837001
3	22658656	4878.407228365	7.214036166
3	22666588	4880.259026233	1.851797868
3	22736346	4896.261918541	16.002892308
3	22742307	4897.67940314	1.417484599
3	22806615	4912.487759861	14.808356721
3	22932112	4941.305578381	28.81781852
3	22986592	4953.880865115	12.575286734
3	23074367	4973.979402976	20.098537861
3	23140942	4989.242573499	15.263170523
3	23185643	4999.37341533	10.130841831
3	23196616	5001.90663572	2.53322039
3	23211835	5005.402030047	3.495394327
3	23218688	5006.969909409	1.567879362
3	23220074	5007.273451135	0.303541726
3	23282775	5021.545125071	14.271673936
3	23304148	5026.419699324	4.874574253
3	23352221	5037.352654396	10.932955072
3	23369655	5041.417157074	4.064502678
3	23524622	5076.612269047	35.195111973
3	23534994	5078.934133673	2.321864626
3	23539375	5079.93465385	1.000520177
3	23596225	5092.826254474	12.891600624
3	23709414	5118.572652887	25.746398413
3	23710132	5118.738227098	0.165574211
3	23829417	5145.84354905	27.105321952
3	23880317	5157.356506554	11.512957504
3	23901226	5162.123264346	4.766757792
3	23917116	5165.710816789	3.587552443
3	24044762	5194.508093215	28.797276426
3	24062197	5198.417487	3.909393785
3	24079564	5202.325620154	3.908133154
3	24135548	5215.027222696	12.701602542
3	24200175	5229.644969616	14.61774692
3	24238281	5238.141868916	8.4968993
3	24399765	5274.57986721	36.437998294
3	24403375	5275.406231979	0.826364769
3	24423633	5279.939251309	4.53301933
3	24436302	5282.810545881	2.871294572
3	24490268	5294.899275178	12.088729297
3	24498371	5296.703323164	1.804047986
3	24505793	5298.361764539	1.658441375
3	24548278	5307.901745688	9.539981149
3	24686616	5339.048232034	31.146486346
3	24730698	5348.985558301	9.937326267
3	24808994	5366.540593817	17.555035516
3	24879030	5382.20879103	15.668197213
3	24906255	5388.358269596	6.149478566
3	24981442	5405.2285133	16.870243704
3	25062568	5423.419677491	18.191164191
3	25173102	5448.219474878	24.799797387
3	25203726	5455.074105756	6.854630878
3	25349539	5487.806945168	32.732839412
3	25400887	5499.252755702	11.445810534
3	25411034	5501.573235959	2.320480257
3	25429301	5505.655168739	4.08193278
3	25434737	5506.896565092	1.241396353
3	25548481	5532.332359533	25.435794441
3	25578559	5538.999578835	6.667219302
3	25661000	5557.408118163	18.408539328
3	25810274	5590.677966117	33.269847954
3	25892233	5608.832723787	18.15475767
3	25956554	5623.155490659	14.322766872
3	26062456	5646.784736958	23.629246299
3	26079197	5650.475362118	3.69062516
3	26132547	5662.332695236	11.857333118
3	26157356	5667.849988043	5.517292807
3	26175798	5672.061249083	4.21126104
3	26205188	5678.565965995	6.504716912
3	26211524	5680.012175269	1.446209274
3	26224292	5682.827792638	2.815617369
3	26442913	5731.481774025	48.653981387
3	26446685	5732.328395119	0.846621094
3	26462353	5735.791950219	3.4635551
3	26562084	5757.990975859	22.19902564
3	26626288	5772.214190614	14.223214755
3	26889675	5830.512899221	58.298708607
3	26929192	5839.231645556	8.718746335
3	27064943	5869.121409325	29.889763769
3	27083545	5873.20745902	4.086049695
3	27247381	5909.2693455	36.06188648
3	27258656	5911.778176004	2.508830504
3	27312391	5923.605828407	11.827652403
3	27336437	5928.859589911	5.253761504
3	27412651	5945.577944959	16.718355048
3	27540215	5973.565227998	27.987283039
3	27549640	5975.573394542	2.008166544
3	27553167	5976.338629891	0.765235349
3	27583064	5982.900367168	6.561737277
3	27588402	5984.021775412	1.121408244
3	27611143	5989.019588332	4.99781292
3	27627717	5992.671884928	3.652296596
3	27648387	5997.153644943	4.481760015
3	27693127	6006.932895656	9.779250713
3	27753322	6020.136772207	13.203876551
3	27857276	6042.931059168	22.794286961
3	27873821	6046.547245295	3.616186127
3	27886599	6049.372403413	2.825158118
3	27966104	6066.826125578	17.453722165
3	28048013	6084.797739189	17.971613611
3	28123195	6101.273747629	16.47600844
3	28157653	6108.826183948	7.552436319
3	28159277	6109.17185314	0.345669192
3	28224466	6123.490656405	14.318803265
3	28255463	6130.267981674	6.777325269
3	28263478	6132.003069189	1.735087515
3	28389198	6159.373891238	27.370822049
3	28400486	6161.780735593	2.406844355
3	28412109	6164.295923322	2.515187729
3	28433808	6169.046878533	4.750955211
3	28555166	6195.500360583	26.45348205
3	28596219	6204.454661671	8.954301088
3	28610285	6207.543260105	3.088598434
3	28828588	6255.144038589	47.600778484
3	28843811	6258.483686789	3.3396482
3	28915441	6274.070800773	15.587113984
3	29055773	6304.751078766	30.680277993
3	29057955	6305.215300312	0.464221546
3	29186084	6333.20718111	27.991880798
3	29189037	6333.839778943	0.632597833
3	29238582	6344.672000102	10.832221159
3	29267593	6350.995820826	6.323820724
3	29275387	6352.707335785	1.711514959
3	29279441	6353.628428745	0.92109296
3	29316043	6361.639047619	8.010618874
3	29407115	6381.500429058	19.861381439
3	29414549	6383.127721832	1.627292774
3	29453730	6391.724338878	8.596617046
3	29558869	6414.682201314	22.957862436
3	29559882	6414.92346238	0.241261066
3	29633666	6431.066439158	16.142976778
3	29723003	6450.633696082	19.567256924
3	29729852	6452.108219625	1.474523543
3	29813872	6470.524203816	18.415984191
3	29828775	6473.816699625	3.292495809
3	29851576	6478.764561452	4.947861827
3	29962916	6503.129220849	24.364659397
3	29993524	6509.863110105	6.733889256
3	30000459	6511.383977243	1.520867138
3	30004755	6512.294151914	0.910174671
3	30012810	6514.034488215	1.740336301
3	30072040	6526.967681083	12.933192868
3	30134142	6540.502004828	13.534323745
3	30135225	6540.726370141	0.224365313
3	30136942	6541.060968812	0.334598671
3	30220788	6559.395102648	18.334133836
3	30287489	6573.899230215	14.504127567
3	30291375	6574.774521314	0.875291099
3	30295575	6575.682244278	0.907722964
3	30360514	6589.822143848	14.13989957
3	30427864	6604.547811039	14.725667191
3	30471838	6614.14255661	9.594745571
3	30522158	6625.067874997	10.925318387
3	30586339	6639.031358126	13.963483129
3	30649788	6652.762669295	13.731311169
3	30684388	6660.216521735	7.45385244
3	30691231	6661.710780003	1.494258268
3	30708614	6665.488832099	3.778052096
3	30735559	6671.244822748	5.755990649
3	30859506	6697.89900775	26.654185002
3	30881522	6702.626767156	4.727759406
3	30963584	6720.26203722	17.635270064
3	31034375	6735.44507847	15.18304125
3	31041073	6736.880513106	1.435434636
3	31061080	6741.128597361	4.248084255
3	31379085	6809.006862792	67.878265431
3	31441275	6822.265504955	13.258642163
3	31445264	6823.07156393	0.806058975
3	31477747	6829.990273159	6.918709229
3	31485321	6831.638305293	1.648032134
3	31497369	6834.161916859	2.523611566
3	31511928	6837.287104785	3.125187926
3	31546349	6844.62392368	7.336818895
3	31547393	6844.824577232	0.200653552
3	31620430	6860.448424903	15.623847671
3	31664772	6869.99143627	9.543011367
3	31666782	6870.40848235	0.41704608
3	31787814	6896.454304167	26.045821817
3	31788116	6896.51191531	0.057611143
3	31858320	6911.640855464	15.128940154
3	31955154	6932.446981247	20.806125783
3	31969277	6935.539885485	3.092904238
3	32026977	6947.888286465	12.34840098
3	32027773	6948.042991186	0.154704721
3	32068126	6956.778718554	8.735727368
3	32112700	6966.314478177	9.535759623
3	32147064	6973.693120433	7.378642256
3	32184384	6981.63770149	7.944581057
3	32199558	6984.87961298	3.24191149
3	32206186	6986.274396085	1.394783105
3	32266405	6999.097048224	12.822652139
3	32278624	7001.698855815	2.601807591
3	32293477	7004.910260706	3.211404891
3	32357747	7018.611779109	13.701518403
3	32449395	7038.149329311	19.537550202
3	32529618	7055.199831847	17.050502536
3	32552291	7060.020495315	4.820663468
3	32699133	7091.31635039	31.295855075
3	32708720	7093.284095506	1.967745116
3	32745440	7101.095735593	7.811640087
3	32816498	7116.200673547	15.104937954
3	32843365	7121.941413995	5.740740448
3	32931794	7140.650570427	18.709156432
3	33001505	7155.39511171	14.744541283
3	33034062	7162.233318333	6.838206623
3	33069651	7169.76491063	7.531592297
3	33129621	7182.457595606	12.692684976
3	33149199	7186.581093435	4.123497829
3	33155390	7187.884760423	1.303666988
3	33324750	7223.673640427	35.788880004
3	33384827	7236.317798624	12.644158197
3	33420343	7243.809435711	7.491637087
3	33515297	7263.828721431	20.01928572
3	33530074	7266.907422511	3.07870108
3	33533756	7267.679187001	0.77176449
3	33566476	7274.610265842	6.931078841
3	33652055	7292.617129482	18.00686364
3	33754582	7314.144487038	21.527357556
3	33759798	7315.291991697	1.147504659
3	33778939	7319.315118727	4.02312703
3	33813244	7326.483874963	7.168756236
3	33936793	7352.541977024	26.058102061
3	33973207	7360.170117185	7.628140161
3	33989057	7363.456330905	3.28621372
3	34167930	7401.144705692	37.688374787
3	34184032	7404.574019648	3.429313956
3	34192480	7406.314904502	1.740884854
3	34201767	7408.279321649	1.964417147
3	34252660	7419.013616811	10.734295162
3	34264500	7421.517652805	2.504035994
3	34279234	7424.637976951	3.120324146
3	34304121	7429.875362333	5.237385382
3	34368861	7443.527885588	13.652523255
3	34401602	7450.426276969	6.898391381
3	34401883	7450.473841674	0.047564705
3	34413800	7453.006896326	2.533054652
3	34424777	7455.296101004	2.289204678
3	34666590	7506.179044607	50.882943603
3	34777999	7529.603140883	23.424096276
3	34783321	7530.723777411	1.120636528
3	34817805	7537.978144373	7.254366962
3	34941227	7563.924022057	25.945877684
3	35079154	7593.033089885	29.109067828
3	35128033	7603.313813975	10.28072409
3	35247181	7628.268364342	24.954550367
3	35318581	7643.33907712	15.070712778
3	35369788	7654.07790818	10.73883106
3	35408403	7662.19935023	8.12144205
3	35453210	7671.641288117	9.441937887
3	35511493	7683.821179155	12.179891038
3	35536841	7689.119345363	5.298166208
3	35694592	7722.380241919	33.260896556
3	35697219	7722.921358528	0.541116609
3	35810296	7746.605072606	23.683714078
3	35856829	7756.392049348	9.786976742
3	35871934	7759.522726256	3.130676908
3	35909057	7767.308441517	7.785715261
3	36004576	7787.344249466	20.035807949
3	36099671	7807.334741048	19.990491582
3	36283346	7845.887035293	38.552294245
3	36386756	7867.607842328	21.720807035
3	36392501	7868.776025806	1.168183478
3	36423380	7875.31812117	6.542095364
3	36425261	7875.70843907	0.3903179
3	36448347	7880.587844064	4.879404994
3	36458012	7882.604398513	2.016554449
3	36460931	7883.218843989	0.614445476
3	36515333	7894.674530445	11.455686456
3	36518078	7895.24795548	0.573425035
3	36556007	7903.239307624	7.991352144
3	36612725	7915.16872034	11.929412716
3	36641199	7921.143829922	5.975109582
3	36770010	7948.568023923	27.424194001
3	36788132	7952.374887772	3.806863849
3	36946914	7985.935461665	33.560573893
3	37022202	8001.855030902	15.919569237
3	37119551	8022.392059565	20.537028663
3	37162686	8031.465842571	9.073783006
3	37364864	8073.901577805	42.435735234
3	37370880	8075.135042527	1.233464722
3	37490786	8100.248932298	25.113889771
3	37500212	8102.196572654	1.947640356
3	37509469	8104.158932248	1.962359594
3	37511115	8104.497244513	0.338312265
3	37516244	8105.587501361	1.090256848
3	37554119	8113.51222533	7.924723969
3	37645224	8132.664409093	19.152183763
3	37701820	8144.534801867	11.870392774
3	37737598	8152.057327745	7.522525878
3	37805762	8166.333773814	14.276446069
3	37832892	8172.06209932	5.728325506
3	37835354	8172.590625945	0.528526625
3	37867255	8179.31946502	6.728839075
3	37950329	8196.721809899	17.402344879
4	3455016	1050	1001
4	3749636	1100	1001
4	4041723	1150	1000
4	4332462	1200	995
4	4623250	1250	997
4	4914025	1300	996
4	5205542	1350	997
4	5496509	1400	995
4	5787652	1450	996
4	6079133	1500	999
4	6370968	1550	996
4	6661384	1600	999
4	6945475	1650	993
4	7228618	1700	993
4	7510568	1750	993
4	7792212	1800	990
4	8072670	1850	988
4	8353124	1900	990
4	8621954	1950	982
4	8889944	2000	984
4	9158892	2050	986
4	9429436	2100	992
4	9699285	2150	991
4	9969708	2200	993
4	10240879	2250	995
4	10512372	2300	994
4	10784177	2350	996
4	11050359	2400	996
4	11317238	2450	994
4	11584133	2500	994
4	11852732	2550	1000
4	12116658	2600	1001
4	12376965	2650	1001
4	12636893	2700	1002
4	12898265	2750	1005
4	13159737	2800	1005
4	13421240	2850	1002
4	13682347	2900	1002
4	13943840	2950	1001
4	14204935	3000	1002
4	14467484	3050	1006
4	14724936	3100	1002
4	14981678	3150	1003
4	15239743	3200	1003
4	15498931	3250	1010
4	15758342	3300	1009
4	16017389	3350	1005
4	16275497	3400	1004
4	16524410	3450	1007
4	16742389	3500	1010
4	16961651	3550	1009
4	17180405	3600	1003
4	17398986	3650	1003
4	17615429	3700	1001
4	17831853	3750	999
4	18049232	3800	1001
4	18266910	3850	1004
4	18480198	3900	1002
4	18689651	3950	1006
4	18899896	4000	1007
4	19111491	4050	1008
4	19323611	4100	1010
4	19536034	4150	1010
4	19749151	4200	1008
4	19961294	4250	1009
4	20173335	4300	1012
4	20385763	4350	1010
4	20598003	4400	1007
4	20811814	4450	1004
4	21026046	4500	1011
4	21240863	4550	1010
4	21455215	4600	1008
4	21669991	4650	1007
4	21885455	4700	1009
4	22101782	4750	1008
4	22318038	4800	1005
4	22535320	4850	1006
4	22752435	4900	1006
4	22969876	4950	1004
4	23188187	5000	1009
4	23407477	5050	1010
4	23627696	5100	1008
4	23847720	5150	1008
4	24069164	5200	1014
4	24290495	5250	1012
4	24513195	5300	1013
4	24735378	5350	1012
4	24958270	5400	1013
4	25181122	5450	1016
4	25403984	5500	1018
4	25627675	5550	1016
4	25852457	5600	1018
4	26076873	5650	1017
4	26301314	5700	1010
4	26526276	5750	1011
4	26751876	5800	1014
4	26978263	5850	1017
4	27204856	5900	1018
4	27432679	5950	1018
4	27661261	6000	1015
4	27889587	6050	1012
4	28117311	6100	1012
4	28346201	6150	1013
4	28575839	6200	1011
4	28804737	6250	1011
4	29034062	6300	1017
4	29262836	6350	1014
4	29491759	6400	1010
4	29720253	6450	1009
4	29948628	6500	1008
4	30177772	6550	1007
4	30407188	6600	1003
4	30637049	6650	1004
4	30869207	6700	1003
4	31102772	6750	1008
4	31336902	6800	1009
4	31571598	6850	1005
4	31804328	6900	1001
4	32036651	6950	1001
4	32270605	7000	1004
4	32504978	7050	1001
4	32740060	7100	1005
4	32975822	7150	1003
4	33212763	7200	1004
4	33449642	7250	1005
4	33687106	7300	1003
4	33925004	7350	1003
4	34162147	7400	1003
4	34399608	7450	999
4	34637254	7500	997
4	34874865	7550	996
4	35112285	7600	998
4	35350390	7650	999
4	35588129	7700	994
4	35826599	7750	996
4	36064904	7800	996
4	36302827	7850	998
4	36540769	7900	992
4	36776914	7950	990
4	37013160	8000	997
4	37251202	8050	997
4	37489582	8100	999
4	37727876	8150	997
